180.532	864.105
185.731	873.474
190.925	886.211
196.115	911.158
201.304	933.79
206.487	962.632
211.669	984.737
216.845	1022.21
222.018	1044.63
227.188	1075.47
232.354	1106.32
237.519	1129.79
242.678	1148.42
247.834	1160.21
252.987	1166.32
258.136	1157.58
263.282	1146.42
268.424	1136.11
273.563	1106.63
278.697	1108.0
283.829	1091.05
288.958	1073.89
294.083	1067.05
299.204	1059.58
304.322	1042.21
309.438	1023.68
314.548	1022.11
319.656	1019.89
324.76	1027.79
329.862	1034.0
334.959	1039.05
340.054	1041.47
345.144	1052.42
350.231	1087.79
355.316	1098.74
360.396	1086.74
365.473	1099.79
370.546	1115.16
375.616	1136.74
380.685	1145.68
385.747	1166.0
390.808	1198.21
395.864	1195.79
400.918	1226.32
405.967	1258.42
411.016	1295.05
416.058	1360.84
421.098	1438.53
426.135	1537.79
431.167	1637.05
436.199	1770.63
441.225	1905.26
446.247	2017.58
451.268	2096.63
456.285	2108.11
461.297	2036.32
466.307	1890.32
471.314	1710.95
476.318	1540.0
481.318	1403.89
486.314	1309.05
491.307	1233.58
496.296	1182.74
501.283	1143.58
506.266	1121.26
511.246	1112.21
516.224	1107.58
521.199	1108.11
526.169	1102.42
531.133	1102.63
536.097	1102.84
541.057	1105.68
546.015	1113.05
550.969	1122.0
555.919	1127.58
560.867	1150.63
565.812	1165.89
570.753	1191.37
575.688	1220.74
580.623	1248.0
585.554	1290.42
590.483	1341.26
595.407	1398.53
600.327	1463.47
605.246	1534.0
610.16	1613.58
615.071	1691.47
619.981	1716.32
624.884	1701.58
629.787	1628.95
634.685	1529.47
639.581	1419.58
644.473	1330.84
649.362	1252.32
654.248	1198.84
659.13	1158.63
664.01	1127.68
668.886	1107.47
673.759	1092.95
678.629	1081.79
683.495	1072.21
688.359	1070.0
693.219	1064.0
698.075	1059.47
702.93	1063.68
707.78	1054.53
712.628	1043.26
717.471	1043.79
722.313	1032.63
727.151	1010.63
731.985	1003.47
736.818	994.526
741.646	985.684
746.471	968.316
751.293	961.052
756.112	954.316
760.928	945.158
765.742	939.368
770.551	939.474
775.357	935.684
780.16	928.737
784.96	925.895
789.758	921.579
794.552	925.053
799.343	922.842
804.13	927.263
808.915	925.474
813.697	922.421
818.475	918.632
823.251	917.158
828.024	911.368
832.792	906.737
837.558	901.053
842.321	902.526
847.081	901.579
851.837	894.737
856.592	894.421
861.342	889.789
866.09	880.316
870.834	880.947
875.575	880.211
880.313	878.947
885.049	875.789
889.781	876.947
894.51	873.263
899.236	871.474
903.96	878.105
908.678	872.105
913.397	874.105
918.11	872.421
922.82	874.526
927.53	877.263
932.234	876.211
936.935	872.526
941.634	881.158
946.33	874.526
951.022	884.421
955.712	886.0
960.398	887.158
965.081	886.421
969.764	892.421
974.441	890.316
979.116	899.684
983.787	888.421
988.455	901.789
993.121	897.789
997.784	901.684
1002.44	900.316
1007.1	900.842
1011.75	901.368
1016.4	900.947
1021.05	907.158
1025.69	907.368
1030.34	895.895
1034.98	899.368
1039.61	900.526
1044.25	909.789
1048.87	908.105
1053.5	904.0
1058.13	912.632
1062.75	913.474
1067.36	914.842
1071.98	915.684
1076.59	915.579
1081.2	919.684
1085.81	924.316
1090.41	916.105
1095.01	915.684
1099.61	922.0
1104.2	920.842
1108.79	926.737
1113.38	922.526
1117.97	931.158
1122.55	927.895
1127.13	927.263
1131.71	925.053
1136.28	926.947
1140.85	931.684
1145.42	936.737
1149.99	935.684
1154.55	934.105
1159.11	937.895
1163.66	939.579
1168.22	943.895
1172.77	938.947
1177.32	944.737
1181.86	945.368
1186.4	950.0
1190.94	945.579
1195.48	953.474
1200.01	948.105
1204.54	956.0
1209.07	951.579
1213.6	953.895
1218.12	957.053
1222.64	960.631
1227.15	954.737
1231.67	964.421
1236.18	960.842
1240.68	964.316
1245.19	969.158
1249.69	969.579
1254.19	977.053
1258.69	971.895
1263.18	982.211
1267.67	973.895
1272.16	972.0
1276.64	979.474
1281.13	978.105
1285.61	975.789
1290.08	980.211
1294.56	982.526
1299.03	983.158
1303.49	977.789
1307.96	976.211
1312.42	987.369
1316.88	979.474
1321.34	973.895
1325.79	985.684
1330.24	980.211
1334.69	985.053
1339.14	980.947
1343.58	983.684
1348.02	975.369
1352.46	986.632
1356.89	984.842
1361.32	983.474
1365.75	991.158
1370.18	990.947
1374.6	992.421
1379.02	993.368
1383.44	995.158
1387.86	993.579
1392.27	994.526
1396.68	995.158
1401.08	993.263
1405.49	986.842
1409.89	995.684
1414.29	990.105
1418.69	995.79
1423.08	997.263
1427.47	983.684
1431.86	987.368
1436.24	994.211
1440.62	988.526
1445.0	990.316
1449.38	985.474
1453.75	994.737
1458.12	987.368
1462.49	989.579
1466.86	992.421
1471.22	992.0
1475.58	993.684
1479.94	985.368
1484.29	988.316
1488.65	993.474
1493.0	989.158
1497.34	988.526
1501.69	991.158
1506.03	986.632
1510.37	985.895
1514.7	989.579
1519.04	980.631
1523.37	979.579
1527.69	982.526
1532.02	983.789
1536.34	981.474
1540.66	982.947
1544.98	975.579
1549.29	984.632
1553.61	973.579
1557.92	972.105
1562.22	971.684
1566.53	979.789
1570.83	971.368
1575.12	973.263
1579.42	965.158
1583.71	971.684
1588.0	970.105
1592.29	967.579
1596.58	965.263
1600.86	962.421
1605.14	969.895
1609.42	967.895
1613.69	965.789
1617.96	963.684
1622.23	958.526
1626.5	959.895
1630.76	957.158
1635.03	958.316
1639.29	953.474
1643.54	953.158
1647.8	951.158
1652.05	952.316
1656.3	947.368
1660.54	942.632
1664.78	945.474
1669.02	940.316
1673.26	943.895
1677.5	937.79
1681.73	934.737
1685.96	935.684
1690.19	930.632
1694.41	932.421
1698.64	927.579
1702.86	934.211
1707.07	932.316
1711.29	928.526
1715.5	929.053
1719.71	928.211
1723.92	925.053
1728.12	925.895
1732.32	920.421
1736.52	918.0
1740.72	913.474
1744.91	918.316
1749.1	912.526
1753.29	905.895
1757.48	914.421
1761.66	912.0
1765.85	906.632
1770.02	910.632
1774.2	905.789
1778.37	903.895
1782.54	901.263
1786.71	903.368
1790.88	900.947
1795.04	899.263
1799.2	902.105
1803.36	894.316
1807.52	903.474
1811.67	894.316
1815.82	897.263
1819.97	898.105
1824.12	891.579
1828.26	889.684
1832.4	890.105
1836.54	890.947
1840.68	879.895
1844.81	884.842
1848.94	882.631
1853.07	881.579
1857.19	880.21
1861.32	881.579
1865.44	881.474
1869.55	877.579
1873.67	873.895
1877.78	870.105
1881.9	867.789
1886.0	871.789
1890.11	874.526
1894.21	876.526
1898.31	868.105
1902.41	874.211
1906.51	866.316
1910.6	863.895
1914.69	860.737
1918.78	864.211
1922.86	863.684
1926.95	861.579
1931.03	864.632
1935.11	859.579
1939.18	855.579
1943.26	854.842
1947.33	846.0
1951.4	856.0
1955.46	855.158
1959.53	854.105
1963.59	852.632
1967.65	850.421
1971.7	847.474
1975.76	849.474
1979.81	844.632
1983.86	837.368
1987.91	846.842
1991.95	843.684
1995.99	836.947
2000.03	836.105
2004.07	839.053
2008.1	835.579
2012.14	840.316
2016.17	835.579
2020.19	831.368
2024.22	833.579
2028.24	828.842
2032.26	825.579
2036.28	827.895
2040.29	821.474
2044.31	821.895
2048.32	822.947
2052.33	814.737
2056.33	818.631
2060.33	820.316
2064.34	813.789
2068.33	814.526
2072.33	809.579
2076.32	814.105
2080.31	810.526
2084.3	808.947
2088.29	807.79
2092.27	812.0
2096.26	803.369
2100.24	810.211
2104.21	810.737
2108.19	808.316
2112.16	803.368
2116.13	798.0
2120.1	801.368
2124.06	804.105
2128.03	801.895
2131.99	801.053
2135.94	799.579
2139.9	795.158
2143.85	791.474
2147.8	795.684
2151.75	780.21
2155.7	791.053
2159.64	788.316
2163.59	785.368
2167.52	785.263
2171.46	784.947
2175.4	779.579
2179.33	779.368
2183.26	776.842
2187.19	777.684
2191.11	777.789
2195.03	779.789
2198.96	776.0
2202.87	776.105
2206.79	776.632
2210.7	774.632
2214.62	772.842
2218.52	774.316
2222.43	778.211
2226.34	769.474
2230.24	770.737
2234.14	764.105
2238.04	770.947
2241.93	766.211
2245.82	764.211
2249.71	766.526
2253.6	765.053
2257.49	764.0
2261.37	757.474
2265.25	761.579
2269.13	754.842
2273.01	755.684
2276.89	757.053
2280.76	752.421
2284.63	746.316
2288.5	752.316
2292.36	752.737
2296.23	737.474
2300.09	749.053
2303.94	750.316
2307.8	744.947
2311.66	747.053
2315.51	744.0
2319.36	742.842
2323.2	742.105
2327.05	743.474
2330.89	738.842
2334.73	734.947
2338.57	734.737
2342.41	738.211
2346.24	734.632
2350.07	731.368
2353.9	726.947
2357.73	730.947
2361.55	729.474
2365.38	722.842
2369.2	719.368
2373.02	725.263
2376.83	723.053
2380.65	716.947
2384.46	713.789
2388.27	718.842
2392.07	714.0
2395.88	717.368
2399.68	711.263
2403.48	715.789
2407.28	712.421
2411.07	710.632
2414.87	706.737
2418.66	706.842
2422.45	707.579
2426.24	708.737
2430.02	706.947
2433.8	701.895
2437.58	705.684
2441.36	700.421
2445.14	700.526
